x
16
40
32
13
1
1
2
3
8
14
36
56
84
94
106
110
93
67
35
37
36
34
28
39
17
17
9
3
2
1
8
20
53
70
93
75
59
74
76
65
53
30
22
31
9
8
5
2
1
3
30
64
154
88
44
51
61
61
77
72
76
157
157
110
52
52
20
12
5
2
1
2
4
36
94
179
100
42
57
78
97
63
65
83
212
182
112
54
48
35
11
6
6
2
2
3
33
88
195
115
57
46
79
71
62
62
89
190
169
132
89
43
42
19
11
4
2
1
4
36
95
219
122
45
59
84
67
70
62
86
172
163
112
69
48
52
23
17
7
1
1
5
34
84
210
134
63
67
59
73
50
72
87
187
123
95
51
39
36
15
25
16
16
7
1
5
2
9
15
20
61
62
98
102
95
74
76
69
55
30
28
37
34
22
25
12
11
4
1
1
1
6
10
19
49
49
83
75
72
82
92
62
48
41
38
20
15
6
5
1
3
3
3
31
77
188
94
31
30
52
54
47
45
74
178
155
95
74
38
24
18
12
3
3
6
27
99
217
130
54
35
57
52
63
47
76
136
95
51
32
20
29
19
7
6
1
5
16
54
128
81
39
35
55
49
44
49
68
139
137
83
56
57
33
20
7
2
2
3
4
3
28
72
202
139
38
37
52
83
42
60
78
162
144
99
64
40
30
15
14
5
1
1
8
17
70
158
117
44
53
61
77
64
68
90
159
139
92
68
52
36
27
28
20
12
8
5
1
3
10
23
33
59
72
89
101
118
129
128
83
84
74
41
57
26
44
39
23
16
15
1
2
1
3
18
32
79
93
104
118
91
113
99
105
67
61
57
28
21
18
17
16
8
3
1
5
13
33
47
57
64
80
93
86
93
82
71
92
60
33
27
13
4
3
22
28
35
61
125
133
99
83
41
33
20
3
7
3
2
7
32
90
197
109
47
52
70
78
75
82
104
197
161
112
76
59
59
28
8
3
2
2
3
22
52
135
116
47
51
55
52
54
52
64
176
168
108
74
64
36
16
2
3
4
1
1
3
18
49
155
123
61
52
64
75
63
76
103
190
182
91
75
63
40
32
12
5
2
1
2
39
87
188
133
52
64
69
51
47
60
78
175
147
96
109
54
41
38
13
7
1
1
7
28
87
220
127
51
64
86
82
91
90
99
205
155
103
71
43
46
31
39
18
17
11
8
9
4
4
10
20
34
47
52
72
55
60
71
78
83
84
69
56
45
59
39
44
20
2
1
1
8
23
45
89
117
174
182
161
182
157
121
78
21
26
27
62
30
15
5
3
1
2
10
30
95
230
118
55
47
66
64
60
50
114
216
175
128
88
78
37
25
10
4
2
1
3
2
39
100
243
135
48
50
65
50
64
51
83
176
152
101
56
54
29
12
17
7
3
2
7
43
99
199
123
59
41
61
69
58
64
79
166
170
88
84
83
46
37
16
7
3
1
6
26
99
178
122
35
45
69
62
48
50
80
165
160
112
97
72
51
34
14
7
3
4
24
74
216
140
44
64
71
110
84
74
125
211
174
101
63
47
43
53
30
24
15
10
4
1
2
11
30
43
84
114
120
135
120
174
145
137
64
41
40
51
45
32
39
24
20
12
2
5
3
12
47
105
112
152
154
161
162
134
125
95
61
47
51
36
30
11
7
2
2
2
3
26
98
256
130
55
53
126
120
90
90
118
243
205
98
70
43
45
20
19
5
3
1
4
30
105
223
110
52
57
71
82
79
85
98
206
212
145
101
66
41
20
15
9
1
1
5
33
108
230
124
69
66
86
93
82
117
122
255
222
161
118
92
73
33
17
6
6
4
4
12
47
126
285
179
88
90
101
123
81
106
146
274
222
175
139
124
76
44
32
8
7
8
1
7
50
116
272
169
95
113
185
176
191
172
232
327
224
162
124
72
107
77
29
31
17
7
3
3
6
22
45
55
106
123
119
155
196
171
120
127
88
59
47
33
44
29
7
3
4
2
1
2
46
107
214
124
68
56
86
78
79
64
102
242
224
119
88
63
47
25
8
4
2
4
1
5
40
110
256
148
76
73
82
125
96
110
139
268
201
150
95
71
48
22
13
1
3
1
1
8
35
111
220
145
56
50
72
80
78
68
71
202
167
106
70
51
53
23
12
4
2
1
1
7
29
83
228
150
66
89
97
87
95
106
118
228
187
107
87
70
44
46
19
25
20
2
1
3
4
15
45
63
103
159
167
190
198
205
204
164
152
89
70
72
63
44
52
39
32
11
3
2
5
9
22
31
62
79
105
39
7
11
25
23
11
11
7
10
9
4
2
1
1
1
34
91
211
134
58
60
96
70
77
96
122
233
233
145
92
54
35
22
10
4
1
7
2
10
45
128
257
151
71
78
99
98
72
112
108
248
235
150
76
75
55
41
9
4
2
3
2
8
49
141
249
141
57
59
98
99
71
79
112
194
188
134
91
62
21
18
3
2
1
3
12
37
44
24
17
11
34
12
12
14
21
111
82
56
38
28
34
27
6
8
2
7
32
114
259
156
78
81
111
107
89
85
113
223
153
118
76
53
64
37
34
18
14
7
1
2
4
23
53
101
99
119
158
157
166
182
244
213
145
112
86
82
63
49
38
33
23
13
3
2
10
34
44
122
181
194
221
250
304
256
241
147
101
77
58
37
28
11
1
1
3
8
28
88
241
140
84
71
94
75
79
101
107
271
235
150
129
63
47
19
14
10
3
2
11
35
119
282
157
78
78
102
97
88
90
114
217
225
152
88
55
21
18
8
3
3
1
3
31
111
253
154
68
75
88
99
100
101
151
253
237
168
121
78
59
27
23
12
8
2
3
13
51
140
299
185
78
86
105
111
119
125
142
313
310
207
137
138
87
50
29
16
14
5
10
36
123
280
210
117
159
195
175
174
173
204
332
331
190
149
113
118
86
76
51
25
8
3
2
10
13
48
76
140
196
267
301
312
313
304
278
217
154
108
93
72
50
6
4
7
4
3
12
28
95
206
173
75
89
95
110
87
111
167
281
241
136
77
93
74
53
32
32
21
5
5
12
18
55
87
154
198
184
137
190
136
196
184
179
148
85
77
55
53
39
34
24
11
3
5
33
33
62
142
215
243
313
367
349
292
303
274
172
144
79
45
36
31
6
11
2
1
2
7
46
157
339
158
90
124
157
139
123
143
189
366
386
278
173
95
75
48
22
15
5
4
2
5
38
134
157
46
28
19
38
56
76
68
130
273
267
160
91
89
46
26
15
2
5
4
1
13
56
133
325
165
69
93
134
112
115
117
169
356
325
232
141
102
84
40
20
13
7
3
1
6
64
160
314
170
95
122
153
135
157
160
213
343
333
226
203
108
81
54
25
9
13
1
1
9
35
113
221
185
73
98
80
42
15
25
60
148
62
53
63
54
51
35
31
20
17
14
3
5
13
21
54
98
133
142
202
222
212
201
191
257
177
130
93
75
87
57
53
37
36
16
5
4
4
10
55
81
150
202
230
263
281
297
288
236
240
131
92
95
57
32
23
4
9
13
61
176
314
165
96
104
134
139
145
141
235
452
383
284
166
158
91
54
24
13
14
1
6
16
58
189
226
54
40
49
92
106
44
78
99
291
224
130
103
84
54
39
15
1
2
2
3
5
34
70
164
65
46
61
95
61
106
81
142
309
321
175
126
117
99
62
21
10
3
2
9
14
70
193
337
170
89
115
145
159
137
142
202
388
337
259
169
145
104
47
27
15
18
3
3
13
47
149
300
178
122
136
200
180
163
162
243
331
263
209
118
102
80
64
43
33
24
14
5
4
10
21
45
29
22
31
32
58
63
78
33
15
38
71
53
14
24
35
33
31
29
25
7
3
8
16
43
102
211
304
354
343
361
388
343
306
277
210
141
83
70
56
39
19
16
7
6
16
54
168
297
169
109
123
184
169
144
176
205
428
362
286
165
151
90
46
25
7
13
3
5
18
65
188
351
162
75
72
103
129
107
127
192
411
421
276
168
122
112
52
96
59
50
23
17
10
13
33
59
141
264
250
281
332
238
266
214
196
159
178
121
105
100
146
177
114
35
16
17
20
62
209
371
172
108
130
187
170
181
155
269
537
518
314
218
232
125
64
16
14
5
2
4
14
109
265
459
186
127
140
217
194
158
154
271
517
544
365
290
225
113
62
27
7
4
1
3
9
21
52
79
40
31
72
124
143
107
129
195
410
396
296
191
150
89
57
27
10
5
4
7
30
89
271
440
184
128
148
196
192
154
147
269
533
520
361
258
180
165
115
56
32
16
9
1
16
82
222
450
188
127
165
246
253
213
260
344
553
470
292
190
152
151
120
86
58
52
18
5
7
13
40
115
218
298
347
373
436
378
378
342
354
289
267
219
182
120
119
100
64
59
31
10
5
6
23
86
160
244
340
382
390
366
358
385
351
268
239
174
127
115
50
53
33
8
7
4
23
89
237
374
178
119
125
195
174
162
199
304
598
524
384
239
156
116
61
18
15
5
4
2
29
112
314
425
205
127
125
217
202
176
180
327
611
550
434
291
203
150
81
38
20
10
3
2
20
99
318
442
203
154
141
226
193
177
179
289
259
274
401
273
234
146
81
44
17
15
5
6
29
112
297
421
212
147
179
207
218
191
217
288
594
527
364
276
223
172
103
52
20
11
4
5
25
82
157
387
233
130
146
223
226
190
198
300
491
398
270
152
154
132
119
102
82
52
35
5
14
11
32
88
100
167
279
279
248
216
294
295
272
304
248
157
59
26
44
39
47
50
32
13
14
17
42
70
134
226
322
367
456
437
459
440
392
237
231
191
151
117
69
38
14
13
4
6
21
104
272
394
194
112
185
209
214
193
165
226
274
453
308
198
177
127
57
31
13
8
4
4
22
49
151
347
207
104
130
153
172
184
210
290
604
480
349
283
174
98
56
23
12
6
9
3
9
101
274
453
202
106
23
54
122
138
167
294
565
489
331
213
85
117
59
29
6
15
4
5
26
103
257
487
216
130
164
168
183
180
188
302
547
513
410
282
209
79
72
34
17
3
6
4
21
128
284
454
207
115
112
169
154
145
152
266
486
309
264
256
190
129
69
42
15
6
4
3
31
113
304
467
225
139
165
232
203
185
188
318
572
525
379
337
248
155
112
68
22
12
5
6
28
106
277
502
230
161
192
259
248
240
212
349
558
564
391
293
247
171
171
93
94
59
18
15
8
28
87
125
224
317
369
420
456
451
404
440
344
341
285
239
185
190
150
113
96
64
47
12
6
21
27
98
164
251
335
335
367
385
417
398
390
363
357
279
165
130
86
29
14
8
5
8
31
112
299
438
188
95
111
153
180
145
165
267
579
556
407
336
189
173
60
20
4
5
2
5
32
126
334
477
217
123
151
183
196
146
183
308
539
551
424
346
218
153
90
41
23
7
3
6
21
116
353
481
202
90
134
149
136
155
128
233
506
459
384
280
202
176
116
47
16
6
2
6
20
118
314
432
168
94
118
140
136
118
104
200
409
466
326
254
171
153
97
69
23
13
6
4
28
104
267
452
213
111
153
207
189
165
212
285
517
463
306
250
218
185
146
117
77
60
28
13
16
40
68
143
230
264
325
347
387
380
374
394
337
286
264
275
220
190
131
119
93
66
28
14
10
14
34
92
182
311
367
420
373
315
360
350
252
256
223
206
140
128
107
28
16
10
7
4
29
105
328
476
224
118
159
196
227
200
185
326
601
586
423
331
218
134
89
31
13
10
2
3
26
113
365
486
193
130
143
169
209
159
178
330
569
538
386
297
243
188
110
52
14
9
1
4
21
121
370
498
207
135
164
211
189
178
164
312
638
607
416
330
257
175
107
47
17
5
4
6
25
112
188
388
261
121
150
206
151
153
159
294
272
325
327
201
188
151
16
24
23
13
6
6
13
97
250
454
224
170
181
243
204
215
243
355
552
450
328
232
208
175
178
104
95
53
20
5
7
27
57
131
218
244
404
420
327
334
367
468
449
381
326
188
183
161
150
89
76
72
30
17
19
33
71
84
169
244
377
396
363
317
362
378
397
296
311
232
167
152
92
68
31
13
11
6
30
108
243
492
260
170
214
263
292
303
381
427
461
422
318
269
218
222
140
115
78
52
26
11
14
32
45
132
179
271
357
374
404
392
331
398
349
383
305
284
232
201
154
144
78
69
33
5
1
3
25
92
181
264
390
404
421
375
376
414
358
181
183
176
167
162
147
140
119
63
26
12
4
16
36
86
238
280
349
447
423
408
408
452
436
418
375
386
457
326
138
55
39
13
8
5
20
94
270
432
227
139
172
201
203
178
162
281
545
496
368
284
245
155
73
37
15
5
6
6
35
121
312
428
189
43
127
152
140
163
185
275
596
563
394
312
241
186
98
35
16
8
4
4
32
118
292
443
179
101
142
171
155
160
166
265
569
562
365
285
209
182
129
47
34
22
6
11
27
102
332
457
241
138
165
213
229
216
141
132
167
316
270
250
204
169
151
121
53
55
30
6
15
38
71
182
247
264
290
366
416
373
402
416
401
378
306
314
238
214
140
154
113
96
25
5
17
25
65
92
169
268
287
377
367
349
361
372
363
363
303
268
227
143
72
35
10
12
10
4
26
121
317
420
208
117
128
148
141
134
146
239
514
472
373
236
130
90
55
22
14
9
8
6
25
115
330
417
176
123
125
163
136
124
148
202
428
511
337
308
258
194
79
46
12
5
4
5
26
121
313
449
186
113
165
174
158
116
46
141
488
463
419
342
250
184
116
46
25
10
6
6
28
130
334
486
224
127
148
223
177
178
180
274
595
578
400
348
261
176
124
80
20
38
7
10
23
120
274
564
207
166
210
238
247
265
237
361
587
496
394
343
261
223
167
110
75
58
26
16
10
37
52
127
222
322
396
463
497
433
428
425
475
428
406
296
252
201
168
125
102
94
47
10
12
21
50
118
184
304
391
420
472
430
324
317
369
390
379
262
207
181
93
51
25
10
7
4
17
105
277
347
203
130
141
165
152
138
164
265
545
558
398
323
202
140
91
51
13
13
3
5
19
134
315
412
199
141
127
153
172
152
158
277
513
530
388
277
241
156
92
29
17
11
4
4
26
100
282
382
166
97
119
168
150
123
129
231
514
543
413
305
220
137
96
29
12
8
5
10
21
117
335
435
213
140
128
157
203
159
168
274
556
556
454
288
254
191
132
43
16
11
4
7
24
110
271
437
195
68
122
161
144
147
118
150
425
492
321
87
88
77
56
17
17
7
3
7
20
97
282
398
187
113
149
205
205
167
165
290
555
523
366
286
211
174
132
54
19
19
6
7
16
101
270
454
226
163
147
216
204
245
210
330
550
466
372
291
173
188
139
133
67
53
42
10
6
27
63
121
215
290
349
382
441
380
362
343
149
211
171
137
114
120
108
80
73
66
32
6
5
13
39
89
184
266
269
370
324
322
326
193
194
229
228
183
136
103
55
30
12
7
1
10
15
95
267
349
183
124
179
182
151
150
126
282
527
529
416
286
186
147
72
35
14
12
3
7
30
101
343
392
175
144
149
185
175
148
164
285
532
585
371
292
230
155
75
37
17
11
4
5
32
119
305
399
180
113
149
240
191
178
194
282
584
559
413
312
209
139
108
46
26
11
9
5
25
106
307
390
197
132
187
214
217
142
178
298
582
571
371
288
206
157
127
65
23
15
9
5
26
76
264
426
205
130
156
222
253
186
249
334
516
465
385
287
226
231
151
84
77
74
27
10
18
22
44
118
208
260
314
421
153
259
358
281
269
292
237
183
167
154
120
90
73
62
27
3
10
6
24
41
103
183
198
281
377
370
331
292
329
347
259
193
155
39
27
25
10
3
7
5
17
90
258
355
222
141
153
178
193
151
182
283
530
483
397
285
184
98
88
31
16
4
6
5
30
119
346
441
198
111
150
162
192
182
159
303
600
570
376
280
215
152
77
24
14
6
5
5
28
105
308
487
209
118
128
189
176
192
159
300
552
556
347
280
230
171
105
56
24
6
6
9
27
103
308
420
228
129
141
173
187
182
174
245
409
274
141
165
149
135
114
62
20
8
3
8
17
93
263
398
218
165
165
222
232
220
222
327
527
425
165
58
107
122
106
51
21
25
14
7
23
105
342
498
207
138
192
229
219
198
174
308
628
531
443
280
177
179
126
64
32
20
8
4
20
76
259
456
220
140
192
260
279
283
346
381
455
355
287
196
149
147
98
87
74
41
35
7
12
23
38
89
201
258
194
257
353
380
388
374
371
339
295
219
164
162
123
109
75
60
43
4
6
3
30
70
189
297
337
435
419
361
410
337
376
356
328
229
207
155
104
97
54
39
16
8
6
11
41
101
152
244
308
353
389
357
253
284
114
123
175
82
60
64
20
8
2
1
4
21
72
172
364
185
106
89
67
29
24
89
106
291
373
281
163
121
84
58
13
5
6
2
4
16
75
86
328
190
66
10
22
11
25
58
144
285
237
226
96
38
29
24
14
4
2
3
14
56
179
195
69
65
98
102
126
120
139
156
113
68
52
89
82
70
26
16
8
8
2
3
14
57
108
288
136
29
72
75
122
148
188
285
505
410
349
210
203
160
148
116
83
64
37
7
8
6
52
119
207
318
360
404
370
359
480
431
460
360
315
245
230
175
139
108
88
76
45
9
39
20
37
94
227
334
402
411
350
342
404
483
380
339
333
226
159
95
45
16
12
2
4
24
109
312
408
176
129
165
184
163
189
212
298
590
571
436
299
195
150
69
26
10
2
4
8
20
122
362
425
214
135
153
187
184
190
180
292
579
539
396
272
245
144
74
33
8
5
8
9
31
145
370
429
202
142
164
212
178
124
176
277
599
586
381
261
213
160
72
37
20
5
8
7
31
124
338
391
209
121
159
179
189
170
135
222
261
244
232
248
145
115
69
48
26
10
6
4
32
93
299
409
210
140
179
251
223
225
203
358
566
482
315
225
163
167
126
108
80
79
28
5
5
22
37
108
177
249
367
372
349
297
354
305
359
329
256
176
170
143
136
112
79
89
36
1
6
12
44
69
140
260
317
364
376
311
365
369
325
289
245
180
147
84
54
37
10
13
5
8
28
113
332
420
215
105
139
189
177
188
187
263
568
540
374
231
200
129
68
130
58
67
25
8
5
19
36
67
129
121
132
158
125
180
195
223
228
140
126
66
56
70
65
47
24
30
9
7
7
15
29
64
115
248
292
321
308
256
173
206
167
174
162
87
88
64
25
16
6
4
7
8
21
94
249
372
153
101
126
147
118
120
101
218
495
412
315
204
138
91
54
27
9
3
6
7
27
112
309
400
187
126
124
199
173
183
194
309
585
524
345
261
166
114
66
43
11
3
6
5
32
117
301
467
219
133
170
214
219
190
182
282
591
593
374
246
201
154
73
40
22
10
5
5
24
114
302
457
208
129
144
226
191
195
219
323
568
538
343
260
195
148
99
67
28
5
10
5
27
87
242
417
241
174
230
235
305
256
270
419
563
465
294
197
166
146
136
89
65
45
20
10
8
22
73
103
217
337
397
446
485
465
496
451
393
359
248
202
187
149
142
129
78
55
30
14
15
21
44
107
185
365
423
455
418
500
407
470
438
414
302
193
173
152
123
53
34
19
11
6
21
44
114
254
219
265
322
365
365
370
384
402
459
473
336
225
175
126
75
30
11
5
3
5
20
123
352
406
235
149
123
181
180
171
175
320
604
539
318
234
175
147
57
25
10
2
2
7
22
112
259
404
197
113
120
62
101
78
45
55
251
172
109
90
83
43
54
15
12
4
6
7
17
52
81
209
109
69
84
105
162
133
155
276
479
268
205
181
123
114
47
39
24
6
7
8
17
94
147
209
180
125
87
75
132
156
230
344
481
423
248
196
178
143
95
106
73
56
23
6
7
20
57
125
207
322
374
456
394
472
377
443
441
372
238
179
168
166
135
107
77
65
42
12
7
10
48
99
190
347
377
444
438
462
412
466
405
328
233
178
102
130
62
37
17
7
2
5
29
114
309
414
206
135
166
205
205
166
208
302
620
518
333
229
177
104
62
31
11
5
1
4
21
109
341
499
227
102
147
201
219
169
205
304
625
570
317
227
206
137
70
34
16
7
3
3
31
68
210
202
123
149
130
106
97
120
201
181
140
197
145
85
107
69
21
11
4
6
8
18
93
254
419
222
135
117
176
167
150
186
298
506
460
313
209
127
96
72
19
10
2
2
4
27
92
251
472
228
133
144
189
161
172
187
266
553
479
282
182
168
106
57
31
15
7
5
4
28
99
292
402
164
110
120
179
169
152
162
267
498
433
252
209
144
137
95
43
17
10
8
7
23
66
245
395
254
134
162
197
194
201
237
290
480
374
196
186
123
115
89
52
62
31
8
8
2
23
34
84
141
227
238
372
355
386
343
335
334
237
204
165
118
82
85
75
115
29
9
6
5
16
28
90
170
262
320
346
314
320
306
347
256
185
151
116
88
45
50
15
8
2
3
6
26
99
311
410
174
123
128
179
189
145
170
295
528
425
300
204
139
108
48
18
11
1
4
18
99
323
466
191
129
147
203
196
161
188
289
499
462
278
181
182
108
48
13
10
5
4
4
28
98
300
456
219
105
152
180
167
179
151
281
485
408
304
219
161
114
66
24
11
5
11
3
23
114
272
436
211
117
108
167
96
64
62
73
177
273
211
168
136
89
82
66
19
11
6
8
13
46
121
258
201
200
170
239
236
247
216
238
310
208
199
109
83
91
73
64
54
46
17
7
4
7
27
101
160
232
315
366
353
435
386
361
285
203
171
132
122
118
101
73
71
57
28
6
5
23
43
79
135
241
295
354
339
371
310
319
231
190
157
139
95
89
67
30
11
17
7
5
19
114
322
452
233
111
128
202
203
185
195
315
519
489
302
240
213
113
61
22
10
15
4
7
28
108
319
480
200
138
134
176
153
147
191
271
451
441
286
238
168
128
80
31
5
10
5
4
13
56
137
232
82
36
60
54
58
61
66
123
233
189
111
99
75
46
31
24
5
5
3
4
22
75
168
355
198
81
97
121
124
110
116
195
399
307
217
169
116
84
58
30
10
10
2
5
22
71
216
375
213
115
140
165
177
154
178
209
378
328
190
137
111
97
59
53
35
46
15
8
2
12
41
92
142
200
233
311
363
349
382
287
232
208
182
163
108
106
93
20
10
9
7
1
24
97
276
477
224
93
102
148
154
150
154
201
418
405
228
190
162
104
73
38
15
10
1
3
23
87
205
445
246
105
160
204
207
170
199
276
411
372
265
190
111
102
95
75
71
50
9
8
6
11
26
63
124
195
275
358
292
343
337
305
232
224
175
127
109
114
85
83
74
62
41
11
4
4
26
55
126
216
254
329
357
323
296
330
245
171
173
124
72
64
45
24
12
8
2
7
25
90
283
404
190
87
123
154
171
133
148
248
446
399
308
205
176
106
62
28
16
3
3
7
20
86
234
414
204
50
32
55
71
75
45
88
262
304
233
110
114
87
53
33
13
6
3
1
3
18
46
86
64
33
50
33
33
25
30
31
52
51
33
26
6
13
16
21
7
4
1
2
12
71
244
429
225
110
106
156
124
137
117
208
331
318
232
175
139
92
61
34
14
12
6
2
20
63
199
385
264
126
136
173
168
187
189
250
362
318
199
150
140
129
94
77
66
60
25
3
6
11
11
73
149
192
236
283
286
293
299
241
185
172
154
124
83
95
66
74
62
52
19
5
6
10
31
72
107
194
197
288
268
242
266
206
163
163
105
72
63
43
35
20
9
4
2
3
21
64
235
385
220
105
115
145
166
111
132
214
359
357
241
165
121
71
45
17
4
2
3
4
20
92
223
400
233
102
124
167
127
134
151
207
398
382
267
161
139
107
59
22
8
2
3
4
26
87
247
467
239
142
115
144
133
151
167
245
396
390
268
175
154
104
51
50
20
7
3
6
24
92
258
457
280
109
135
157
164
132
82
131
324
377
287
221
155
124
114
72
31
23
5
5
26
82
231
459
243
132
144
173
137
128
153
224
365
295
214
152
102
106
75
62
43
58
26
9
9
17
20
59
100
181
209
244
236
237
228
222
165
157
106
106
96
80
69
71
46
41
18
1
5
3
12
32
81
129
188
228
228
219
207
234
136
138
135
104
89
49
37
17
11
3
3
4
21
68
191
397
183
108
127
141
142
137
159
208
378
354
251
206
127
